# GIMP colorrc
# 
# This file holds a list of recently used colors.

(color-history
    (color-rgba 0 0 0 1)
    (color-rgba 1 0.4285714285714286 1 1)
    (color-rgba 0.99607843137254903 0.77161005247169279 0 1)
    (color-rgba 0.9719463586807251 0.97910583019256592 0.63235276937484741 1)
    (color-rgba 0.99607843137254903 0.87058823529411766 0.4392156862745098 1)
    (color-rgba 0 0 0 0)
    (color-rgba 1 1 1 1)
    (color-rgba 1 0.80000000000000004 1 1)
    (color-rgba 1 1 0.77647058823529413 1)
    (color-rgba 0.83529411764705885 0.83529411764705885 0.83529411764705885 1)
    (color-rgba 0.58039215686274503 0.60392156862745094 0.80784313725490198 1)
    (color-rgba 0.83137254901960778 0.5490196078431373 0.50196078431372548 1)
    (color-rgba 1 0.5372549295425415 0 1)
    (color-rgba 0.57647061347961426 0.61960786581039429 0.57647061347961426 1)
    (color-rgba 1 1 1 0)
    (color-rgba 1 0 0 1)
    (color-rgba 1 0.9960784912109375 0 1)
    (color-rgba 0 0.65882354974746704 0 1)
    (color-rgba 0 0.61568629741668701 0.84313732385635376 1)
    (color-rgba 0.80000007152557373 0 1 1)
    (color-rgba 0 0.5 0.84313725490196079 1)
    (color-rgba 0 0.61764705882352944 0.84313725490196079 1)
    (color-rgba 0.23137254901960785 1 0.80392156862745101 1)
    (color-rgba 0.80193419455593151 0 1 1)
    (color-rgba 0 0.65803108808290156 0 1)
    (color-rgba 1 0.99489022284152062 0 1)
    (color-rgba 1 0 0.1948228195906534 1)
    (color-rgba 1 0 0.78431372549019607 1)
    (color-rgba 1 0 0.31709343395947798 1)
    (color-rgba 0.63529413938522339 0.63529413938522339 0.60392159223556519 1))

# end of colorrc
